rgba(0, 0, 0, 0)
rgb(17, 17, 17)
rgb(31, 31, 31)
rgb(33, 33, 33)
rgb(34, 34, 34)
rgb(49, 49, 49)
rgb(51, 55, 61)
rgb(41, 60, 91)
rgb(63, 68, 75)
rgb(68, 68, 68)
rgb(0, 86, 167)
rgb(68, 71, 70)
rgb(0, 128, 0)
rgb(85, 85, 85)
rgb(24, 99, 220)
rgb(102, 102, 102)
rgb(116, 119, 117)
rgb(122, 122, 122)
rgb(128, 130, 133)
rgb(146, 132, 107)
rgba(156, 155, 153, 0.64)
rgb(195, 181, 156)
rgb(174, 206, 83)
rgb(187, 187, 187)
rgb(237, 237, 237)
rgb(241, 244, 249)
rgb(244, 244, 244)
rgb(249, 250, 251)
rgb(254, 254, 255)
rgb(255, 255, 255)
#F7F6F2
#C3B59C